     16      50     264 
     17      24      77 
     20      27     786 
     14      27     583 
     14      54     569 
      8      48     617 
     23      29     332 
      6      40     640 
     10      43     192 
     11      48     737 
      9      41     716 
     23      45     709 
      3      42     341 
      8      25     156 
      9      43      99 
     12      49     407 
      6      44     787 
      8      31     348 
     22      53     472 
     12      34     578 
     15      54     453 
     13      38     346 
     18      28     542 
      3      35     374 
     18      43     261 
     17      41     572 
      2      50     747 
      9      29     608 
      3      29     174 
      7      31     666 
     22      42     714 
     21      34     110 
     15      26     651 
      7      44     140 
     15      38     213 
      1      53     132 
     19      40     267 
     14      51     376 
      7      52     454 
     11      40     572 
      6      30     313 
      1      49     557 
      4      50     347 
      5      32     266 
      3      35     373 
     16      28     669 
     13      49     551 
     17      32     577 
     21      53     341 
     13      39      88 
     23      41     484 
     10      41     384 
     18      51     447 
      3      47     275 
     10      39      87 
     17      31     604 
     13      38     517 
     16      54     418 
      3      44      82 
     20      34     445 
      5      31     592 
     21      54     140 
     11      39     322 
     19      50     470 
      9      33      97 
      2      40     292 
     16      42     143 
      1      39     757 
      6      43     412 
     12      28     679 
     14      52     661 
     11      42     117 
     14      29     597 
      6      27     427 
     23      39     581 
     18      26     711 
     10      24     389 
     17      43     774 
     16      35     755 
     19      46     361 
      2      43     303 
     17      29     295 
     10      51     583 
     19      31     712 
     10      31     224 
     21      53     696 
     11      45     192 
      6      40     694 
      4      27     118 
     13      33     469 
     11      34     762 
     14      46     362 
      1      35     464 
     22      43     285 
     11      26     189 
     18      44     290 
     23      46     277 
      8      32     292 
      9      48     612 
      2      36     605 
      3      53     627 
     12      33      69 
     23      39     227 
      9      40     101 
      2      42     725 
      4      50     593 
     10      36     524 
     12      33     217 
      1      36     227 
      9      32      61 
      2      27     292 
     17      28     584 
     10      41     585 
     11      27     207 
     23      29     728 
     17      48      95 
     15      26     724 
     14      38     608 
     13      44     710 
      4      47     536 
     11      39     655 
     16      30     382 
     20      49     451 
      6      42     184 
      2      50     242 
     13      31     382 
     19      30     451 
      9      45     682 
     17      39     164 
      8      34     327 
     15      38     241 
     15      39     522 
     18      39     543 
     23      31     459 
     16      45     684 
     10      31     216 
     18      34     340 
     20      32     686 
      6      53     612 
     12      37     418 
     14      32     763 
     11      52     103 
     22      26     708 
     10      43     214 
     16      35     315 
     14      39     594 
      6      50     647 
      2      33     378 
     18      54     570 
      4      41     153 
      6      39     129 
     22      41     384 
      5      53     809 
      1      41     231 
      9      31     418 
     23      32     124 
     14      53     473 
     22      27     710 
     10      33     675 
      2      46     130 
     11      46     619 
     18      45     282 
     17      28      90 
      6      36     183 
     16      43     804 
     19      33     536 
      3      44     569 
      1      44     718 
     17      30     124 
      9      36     331 
     23      46     118 
     15      46     804 
     22      38     317 
      3      50     408 
     23      50     218 
     14      41     616 
      1      24     716 
     11      29     781 
     13      34     406 
     14      45     729 
     12      49      75 
     15      35     681 
      7      48     680 
     13      28     293 
     23      45     565 
     11      52     375 
      4      48     475 
     15      47      96 
     14      25     204 
      9      28     187 
     18      45     662 
      4      31     715 
     13      54     414 
      4      50     624 
      1      49     686 
      4      39     743 
      4      40     183 
     16      41     558 
     19      47      98 
     10      44      72 
     16      41     329 
     13      38     699 
     14      39     400 
      3      49     489 
     14      45     170 
     18      50     257 
      6      30      56 
     15      32     166 
      7      35     384 
     21      39     639 
      6      43     119 
      3      25     312 
     17      38     322 
     12      42     650 
     15      35     715 
      6      38     212 
     23      51     699 
     16      41     638 
      2      28     742 
      6      29     445 
      8      47     691 
     18      36     689 
     16      38     607 
      3      28     691 
      7      33     347 
     13      43     652 
     17      46      62 
     17      24     539 
     22      40     190 
     17      47     181 
      4      29     599 
     21      52     252 
     20      25     328 
      4      44     348 
      8      32     547 
     14      44     430 
      7      53     628 
     17      30     281 
      6      49     185 
     16      32     607 
     14      34     533 
      4      47     273 
     12      27     546 
      1      37     145 
      1      54     254 
     23      38     535 
      1      33     487 
      9      48     602 
     13      51     773 
      2      33     227 
      7      42     188 
      6      36     318 
      9      26     760 
      3      52     473 
     13      33     326 
     14      28     218 
     19      41     795 
      5      24      87 
      8      24     736 
      9      51     250 
     10      49     509 
      3      35      83 
     15      42     670 
      3      40     530 
      9      24     738 
      1      27      60 
     16      41     499 
     11      35     189 
     22      31     454 
      3      25     410 
      6      48      69 
     14      41     190 
     15      50     280 
     15      36     680 
     11      30     685 
      7      25     487 
     13      28     334 
     15      50     341 
     16      53     743 
      2      44     359 
     23      44     457 
      7      43     143 
     17      34     648 
     23      53     183 
     16      28     251 
     15      53      71 
      2      51     631 
     17      29     618 
      6      41     314 
     13      26     526 
     13      43     276 
      4      53     276 
      6      38     421 
     21      32      79 
     22      30     754 
     15      28     569 
      1      33     332 
     20      39     273 
     17      24     108 
      8      27     275 
     14      31      66 
     18      44     465 
      7      38     389 
     13      38     542 
     18      53     311 
      8      45     235 
      2      26     127 
      2      37     169 
     13      33     543 
      4      43     572 
      5      24     317 
     17      35     577 
     11      34     425 
     21      41      95 
      9      28     792 
     21      50     117 
     16      42     280 
     21      26     612 
     15      49     332 
      7      47     470 
     18      53     543 
     14      38     556 
     12      45     112 
     21      38     805 
     19      35     697 
      6      47     238 
      9      29     480 
      7      24     343 
      9      44     250 
      9      37      66 
      5      29     324 
      7      40     125 
      3      39     683 
     23      30     539 
     14      25     181 
      7      24     388 
     11      52     194 
     11      43      76 
     20      31     146 
      6      37     475 
     22      27     251 
     10      30     508 
     21      31     590 
      6      24     547 
      7      34     619 
      9      29     566 
     19      47     313 
     18      32     534 
      6      33     211 
     10      28     227 
     14      44     668 
     18      25     483 
      2      36     332 
     14      41     432 
     22      52     652 
     23      39     679 
     22      45     730 
     14      29     484 
      2      47     379 
     18      54     464 
     12      25     493 
     11      50     139 
      3      37     314 
      6      49     462 
     15      25     636 
     22      54     295 
     22      54     696 
      6      25     649 
     15      41     748 
     19      33     465 
      1      42     510 
      1      42     457 
      9      40     667 
     16      51     611 
     18      39     288 
      3      54     591 
     15      46     683 
      4      53     394 
     14      38      82 
     11      53     768 
      5      49     137 
     11      53     591 
      7      54     750 
      5      46     469 
      7      39     406 
      4      44     238 
     21      34     176 
     20      34     309 
      9      54     160 
     22      46     521 
     16      54     585 
      3      49     564 
     14      39     450 
     14      53     623 
      1      32     350 
      9      53      82 
     15      38     376 
      1      48     104 
      6      30     188 
     21      33     806 
      2      25     314 
      4      47     189 
     20      43     132 
     10      38     213 
      7      37     158 
     21      30     159 
     21      29     444 
      1      30     139 
      1      29     337 
     20      45     278 
      9      49     242 
      6      44     420 
      1      28     655 
     21      43     620 
     22      28     100 
      9      25     600 
     19      28     467 
     23      33     332 
     18      31      61 
      2      44     526 
     20      25     293 
     22      46     183 
     11      51      74 
     16      45     186 
      4      42     796 
     15      44     500 
     16      48     467 
      5      35      81 
      3      53     260 
      1      24     530 
     18      30     564 
     20      27     794 
     12      32     798 
     22      35     702 
     14      26     640 
     12      44     450 
      7      25     584 
      1      45     552 
     17      50     475 
     19      45     427 
      4      26     527 
      9      33     388 
      4      45     336 
     13      42     464 
     19      45     190 
     12      27     760 
     21      47     135 
      4      42     181 
      4      44     154 
     14      24     570 
     15      29     212 
     20      52     409 
     17      26     726 
     15      51     585 
     21      44     437 
      1      46     418 
     10      50     102 
     10      44     771 
     23      30     300 
     19      42     569 
     11      37     433 
     16      44     683 
      1      38     343 
     12      34     274 
      8      45     462 
      5      26     726 
     12      44     708 
     19      25     680 
      3      33     237 
     14      31     624 
     23      43     321 
     22      51     514 
      8      28     513 
     18      52     506 
     11      43     213 
     22      26      75 
      5      46     169 
      6      34     385 
     22      37     225 
     18      28     474 
     18      48     489 
     23      39     378 
      2      48     659 
     23      41     238 
     23      39     312 
     21      54     248 
     20      43     714 
      4      36     504 
     16      31     501 
      9      48     407 
      2      46     693 
     18      34     530 
     23      28     645 
      7      29      70 
      8      28     760 
     13      39     129 
     12      27     159 
      3      33     352 
     17      49     115 
      6      24      77 
     18      54     399 
     16      24     289 
      9      44     536 
      4      26     800 
     20      24     640 
      7      34     547 
     16      36     540 
      2      46      98 
      2      26     408 
      5      33     167 
     20      52     626 
     23      48     270 
      2      49     189 
     21      48     701 
     16      46     212 
      8      41     197 
     11      41     394 
     18      45     770 
      9      49     499 
     11      26     231 
     17      50     407 
     20      45     627 
      6      26     391 
     17      52     590 
      1      42     712 
      9      50     390 
     19      28      99 
      6      50     413 
     16      48     706 
      9      24     147 
      9      41     496 
      6      30     196 
      2      41     338 
      3      47     770 
     20      50     542 
      4      51     514 
     10      54     700 
      1      28     683 
     19      45     253 
      1      44     340 
      6      44     559 
      3      31     363 
      2      50     292 
     16      50     459 
     15      45     382 
     13      34      73 
     21      36     410 
     10      51     390 
      8      24     362 
     17      27     439 
      5      27     465 
     12      42     315 
     11      39     535 
     13      31     259 
      9      50      77 
     11      54     223 
     12      30     543 
     23      25     577 
     16      26     381 
     23      52     583 
      8      52     787 
     10      54     810 
      5      38     656 
     10      54     404 
     23      36     114 
      2      53     460 
      5      37     198 
     22      32     252 
     15      47     463 
      3      28     517 
     16      39     343 
     20      49     200 
     12      40     739 
     12      36     654 
     23      48     495 
     20      28     141 
     15      29     520 
     10      51     221 
     10      26     784 
      7      33     790 
      7      34     639 
     21      30     164 
     13      49     242 
      3      36     587 
     16      30     162 
     11      40     617 
     20      47     528 
     20      41      58 
      6      50     331 
     20      31     809 
      8      35     467 
     11      43     531 
     22      48     444 
      2      47     191 
     22      25     347 
      1      54     613 
      4      32     576 
     17      25     662 
     13      32     634 
     20      30     343 
     11      30     646 
     17      32     193 
      7      37     570 
     21      29     149 
     15      30     151 
      2      41     373 
      8      44     197 
     18      27     163 
      2      38     783 
      4      26     715 
     10      49     656 
     22      42     446 
     12      28     710 
      3      52     696 
      7      33     560 
      2      33     168 
     14      49     254 
     23      27     144 
      6      26     337 
     12      31     252 
     10      36     419 
     18      44     462 
      8      33     650 
     21      36     402 
      9      31     159 
     13      40     255 
     14      48     351 
     11      41     674 
      6      47     625 
     17      40     205 
     17      50     583 
     14      30     412 
     19      27     762 
      9      24     608 
     23      50     535 
     17      29     292 
     22      28     536 
      2      37     376 
     11      25     306 
     13      44     124 
     17      52     751 
      8      47     333 
     11      26     462 
     16      41     525 
      9      54     390 
     10      42     367 
      1      35     119 
      9      30     713 
      6      41     269 
     15      44     429 
     20      24     324 
      8      51     190 
     15      50     292 
     14      45     132 
      1      45     754 
     17      37     342 
      3      53     799 
     23      38     483 
     20      26     486 
      5      25     558 
      2      54     597 
      9      33     732 
      4      34     446 
      2      53      96 
      6      31     388 
      5      52     773 
      6      36     345 
     23      26     537 
      5      38     775 
     17      52     623 
     11      54     209 
      8      40     346 
     22      52     102 
     20      39     794 
     14      51     640 
     10      24     268 
     11      44     475 
      6      37     553 
     12      49     139 
     17      27     440 
      5      49     101 
     12      51     220 
      3      24     468 
     22      43     446 
     23      54     123 
      5      25     267 
     21      28     530 
     10      32     602 
      2      46     658 
     12      43     689 
      3      43     646 
      2      36     437 
     15      34     369 
     23      53     748 
      1      53     418 
     17      29     238 
     19      30     588 
      4      49     519 
      8      49     172 
      6      27     312 
      2      43     134 
      8      48     216 
      5      26     107 
      7      48     560 
     16      41     687 
     22      32     448 
     14      47     134 
      4      47     549 
     10      50     781 
      1      49      59 
     13      42     609 
     23      28     599 
     21      52     517 
      2      46     610 
     14      39     747 
      7      54     251 
     23      53     312 
     18      53     447 
     13      49     287 
     23      50     618 
      1      49     194 
      7      42     247 
     17      32     242 
     18      47     526 
     16      54     536 
      4      38      61 
     23      29     812 
      7      30     733 
     23      31     328 
     14      27     686 
     20      31     687 
     14      26     135 
     11      38     161 
     16      51     299 
      9      28     303 
     16      52     527 
     11      48     654 
     13      52     526 
     20      38     253 
      9      31     268 
      7      42      87 
      1      25     795 
     14      45     556 
     16      51     520 
      3      33     561 
      5      37     654 
     19      25     197 
     13      53     562 
      5      38     596 
     19      38     673 
     12      51      91 
      8      28     101 
     19      37      89 
      5      35     326 
     12      43     535 
      5      53     377 
     17      31     504 
      4      36     421 
     10      30     594 
     15      45     698 
      4      54     352 
     23      47     714 
     13      35     294 
     21      50     737 
     13      47     261 
     12      44     424 
     15      43     580 
     14      26     183 
      2      27     273 
      8      50     225 
     15      46     307 
     13      27     501 
     10      47     208 
     21      53     471 
      8      24     215 
      9      25     639 
      8      27     114 
      9      37      92 
     11      29     555 
     22      32     683 
     18      42     669 
     13      32     798 
     22      54     411 
     22      37     278 
     22      46     503 
     20      24     119 
     11      44     323 
      6      37     741 
     18      29      79 
     11      34     745 
     11      39     451 
     23      31     598 
     16      29     198 
     16      49     108 
      1      44     705 
      5      44     609 
      9      51     345 
      7      38     108 
     17      52     105 
      4      51     448 
     19      26     778 
      3      54     643 
     14      50     324 
      5      25     104 
     14      27     761 
      2      52     279 
     20      26     291 
      6      39     682 
     12      31     694 
      9      35     629 
     23      35     268 
      1      45     618 
     22      53     657 
      7      25     452 
     13      39     603 
      9      32     738 
     22      37      88 
     23      50     619 
      3      36     193 
      8      37     568 
     13      53      88 
     20      39     497 
      4      28     506 
     21      36     213 
     21      54     241 
      9      49     175 
     23      51     110 
      7      32     286 
      2      53     334 
     17      47     671 
     22      28     266 
      6      37     537 
     12      32     777 
     20      44     157 
      7      53     712 
      9      26      59 
     12      31     263 
     13      25     628 
      7      54     593 
      8      30      87 
     21      47     574 
      4      43     298 
      7      40     354 
      7      29     507 
      4      53     496 
      6      25     805 
      2      33     298 
     12      27     154 
     20      42     743 
     18      52     430 
      7      54     369 
     10      47     760 
     19      50      65 
     12      31     717 
      3      37     121 
     22      48     319 
      4      39     167 
     20      28     678 
     16      54     255 
     21      30     633 
      3      40      59 
     21      27     555 
     16      48     741 
      3      34     128 
     13      36     704 
      2      31     113 
     14      34     576 
     22      44     259 
     15      46     729 
     23      45     295 
      6      45     140 
     15      31     222 
     12      27     620 
      9      29     800 
     20      39     677 
      7      28     201 
     22      26     674 
     19      25     246 
      6      39     418 
      4      50     787 
     23      25     678 
     13      34     170 
     10      53     753 
      2      30     557 
     15      38     120 
     13      41     456 
     16      45     533 
      9      50     598 
      4      34     370 
      2      51     381 
      4      34     721 
      4      37     708 
     22      43     743 
     18      49      68 
      6      36     300 
     22      29     584 
      7      29     121 
      6      25     681 
     10      52     211 
     17      45     536 
      7      34     520 
     22      25     291 
     23      47     268 
      6      41     559 
     18      47     301 
      7      29      69 
     17      45     709 
     16      40     492 
     22      44     295 
     21      30     562 
     18      37     462 
     15      47     356 
     12      25     231 
     19      50     614 
     17      40     344 
     10      53     108 
     18      46     744 
     20      51     681 
     11      32     604 
     18      25     563 
      7      35     752 
     10      51     321 
      8      39     477 
      3      25     204 
     16      38     150 
      9      42     349 
     23      49     308 
      4      26      70 
     11      33     735 
     16      34     750 
      3      45     325 
     23      52     223 
     13      46     251 
     13      35     586 
     20      51     770 
     21      36     203 
      5      24     246 
     20      47     564 
     10      25     636 
      1      51     116 
      6      25     232 
      9      24     241 
      2      34     210 
     13      26     305 
      4      27      99 
      7      28     794 
     17      44     603 
      3      31     289 
      4      37     356 
      4      24     110 
     10      54     797 
      3      35     292 
      7      47     171 
      9      32     361 
      2      25     349 
     17      42     180 
      9      24     385 
      8      38     108 
     11      49     500 
     22      37     426 
     19      45      65 
     15      46     332 
      1      38     565 
     20      32     470 
      5      40     305 
     17      25     637 
     18      52     224 
      8      37     274 
     12      29     560 
     11      32     662 
      3      45     808 
     20      30     638 
     23      34     584 
      4      37     627 
     14      31     225 
      1      53     315 
      3      49     187 
     11      30     215 
     15      53     479 
     17      35     274 
     21      37     786 
     20      41     703 
      3      31     325 
     22      33     381 
      5      39     722 
     18      47     419 
     13      30     761 
     16      25     413 
      1      24     349 
     14      27     576 
      6      44     107 
     15      53     396 
      1      30     435 
      6      43     183 
      6      46     685 
      8      42     668 
      4      40     428 
      7      31     177 
      4      30     246 
     15      26     619 
